750
1
0 2
3
4
7
6 8
5
9
11
13
14
10 12
16
17
15 18
19
23
22
21
24
25
20 26
31 32
27 30
29
28
33
38
34
39
35
36 37
41
46 47
40 44
42
43
48
54 55
49 51
45
50
59 61
52 53
56
57 58
60
66 67
63
62
64 65
68 69
70
71 72
73
74
78
75
77
76 79
81
80 82
83
90
84 85
92
89
94 95
87
86 88
100
98
99 101
91 93
107
96 97
102 104
103
105 108
109
106
114 115
110
111
112
113
116 117
118 119
120
123 124
121
122
125
127
126 128
136
129 130
139
140
132
131 133
138 143
134 137
141
135
142
145
144 146
149
153 155
156 157
147 150
151 152
161 162
148
154
163 165
158 160
164
159
171 172
168 169
166
173 175
167
170
174
176
177
180 182
179
178
184
183 185
188 190
181
186
187
189
192
193
197
194
191 195
198 199
196
201
202
203
208
200 204
209
205
206 207
212
210
211
213
214 215
219
216
217
220
223 224
228
226 227
225
218 221
222
229
232
230
233
239
236 237
238 242
243 244
235
231 234
241
245
240
247
246 248
249 250
254
251
256 257
261
252 253
255
259 262
260
258
263 264
270 271
265
267
268
266 269
272
275
274
276
277
278
279
273 280
281
283
284
286
292
285 288
287
282
289 290
293
294
299
291 295
302
300
296
298
301
306 307
303
297 304
305
308
309
311
316
312
313
314
315
317
310 318
319
320
326
321 322
329
323
325
324 327
328
335 336
330 331
332
333
337 338
334
340
339 341
343 344
342
346
347
348
345 350
349
351
357
352
354
356
353 355
360
361
358
365 366
362
364
367
368 371
359 363
372 373
369
370
378
375 376
374
377
379
380
382 383
384 385
386 388
381
390 392
391
393
387
389
394 395
396
401 402
398 399
406
407 408
400
397
404
409 410
413 414
416
403 405
411
412
415 417
418 419
420
422 424
426 427
421
423
425
433
429
430
431
428 432
434 437
435
441
436
438 443
446
440
439
442
447 449
444 445
452 454
456
448
450
451
459 461
453
457
463
455 458
468
460
470 471
464 465
462
466 469
467
474 475
473
472
481 482
477
479
476 478
480
485
483
488
486
484 487
494 495
497
489
491
490 492
502
499
493
496 498
500
501 503
504
505
506
507
508
510 511
512 513
516
517 518
509
515
523 524
519
521 522
526
525 527
514
520
530
528 529
534 535
531
532
533
536
539
537 542
538
543 544
540
549
541
551
545 547
550
556
546
557
548 552
553 558
554
559
560
555
561
565
562 563
567
564 566
568 571
572 573
569
570
574
575
584
581 582
579 580
586 587
583 585
588
576
577 578
589 590
596
591
592
593
594
597
595 598
601 603
599 600
605
602
604
606
607 608
609 612
610
614
611
616
615 617
621
613
618 619
627
620 622
623
624 625
626
629
631 632
628 630
635 636
633 634
638
639
640
645
641
642
637 643
644
646
647
652
648
649
655
650
651 653
656
654
658
657 659
662 664
663
660 661
667
665 666
669
668 670
672
671
673 674
675 676
677
678
679
680
684 685
687
681 683
682
688
686 689
693
690
691
692
702
697 698
695 696
699 700
701 703
694
704
706
705 709
713
707
708
710 711
712
720 721
714 715
716 717
719
718
724
723
728
727
722
729
725
726 731
730
736
733
735 737
732
742
734
738
739
740 744
741
743
746
751 752
745
747
756
748
749 750
755
753 758
754
757
759 760
761
768
765 769
762 763
764
766
767
771
777
770 773
776
772
779
775
778
780
774 781
782 783
784
785
786
787
792
793 794
788 789
795 796
790
800 801
791
797 798
803
805 806
809
799
804
802
808 810
813 814
812
807
811
815
816 817
821
819
820
823
822
818 824
826
827
829
825 828
830
837 838
834 835
839
831
832 833
836
840 841
845
846 847
844
842
843
851
849
848
853 856
850
852
854
861 862
855
860
857 858
859
867
863
864
865
866 868
869
870
871 872
875
874
873 876
879 881
877
878
880
882 883
884 885
886
887
888
889
896
890
899
893
891 892
894 897
902 903
895
900
898 901
908
907
905
906
904 909
910 911
913
912 915
916 918
922
914
923
924
917
919 920
921
929 930
927 928
925
932 934
931
926
933
937 940
935
938
936
939
942
944
941 943
950
945 946
951
947 949
956 957
955
948
952 953
958 960
962
964
954
959
963
961 965
967 968
970
972
966
969
973 974
975
971
978
982 984
977 979
976
980 981
983
986
987
985 988
992
990 991
993 995
994
989
997
998
996 999
